<<<<<<< HEAD
0.0776470588235294
0.09058823529411764
0.09058823529411764
0.11647058823529412
0.11647058823529412
0.14235294117647057
0.14235294117647057
0.16823529411764707
0.18117647058823527
0.19411764705882353
0.19411764705882353
0.21999999999999997
0.23294117647058823
0.24588235294117644
0.25882352941176473
0.2717647058823529
0.28470588235294114
0.28470588235294114
0.3105882352941176
0.3235294117647059
0.33647058823529413
0.3494117647058823
0.3494117647058823
0.36235294117647054
0.3752941176470588
0.4011764705882353
0.38823529411764707
0.4011764705882353
0.4270588235294117
0.43999999999999995
0.45294117647058824
0.46588235294117647
0.45294117647058824
0.4788235294117647
0.41411764705882353
0.0
=======
1
2
3
>>>>>>> 5cd5a299dc8f958db1fbee7c282334c466aa4e2f
